country,iso_code,date,total_vaccinations,people_vaccinated,people_fully_vaccinated,daily_vaccinations_raw,daily_vaccinations,total_vaccinations_per_hundred,people_vaccinated_per_hundred,people_fully_vaccinated_per_hundred,daily_vaccinations_per_million
United States,USA,2020-12-20,556208.0,556208.0,0.0,0.0,0.0,0.17,0.17,0.0,0.0
United States,USA,2020-12-21,614117.0,614117.0,0.0,57909.0,57909.0,0.18,0.18,0.0,173.0
United States,USA,2020-12-22,614117.0,614117.0,0.0,57909.0,127432.0,0.18,0.18,0.0,381.0
United States,USA,2020-12-23,1008025.0,1008025.0,0.0,57909.0,150606.0,0.3,0.3,0.0,450.0
United States,USA,2020-12-24,1008025.0,1008025.0,0.0,57909.0,191001.0,0.3,0.3,0.0,571.0
United States,USA,2020-12-25,1008025.0,1008025.0,0.0,57909.0,215238.0,0.3,0.3,0.0,644.0
United States,USA,2020-12-26,1944585.0,1944585.0,0.0,57909.0,231396.0,0.58,0.58,0.0,692.0
United States,USA,2020-12-27,1944585.0,1944585.0,0.0,57909.0,211379.0,0.58,0.58,0.0,632.0
United States,USA,2020-12-28,2127143.0,2127143.0,0.0,57909.0,216147.0,0.64,0.64,0.0,646.0
United States,USA,2020-12-29,2127143.0,2127143.0,0.0,57909.0,235685.0,0.64,0.64,0.0,705.0
United States,USA,2020-12-30,2794588.0,2794588.0,0.0,57909.0,255223.0,0.84,0.84,0.0,763.0
United States,USA,2020-12-31,2794588.0,2794588.0,0.0,57909.0,278776.0,0.84,0.84,0.0,834.0
United States,USA,2021-01-01,2794588.0,2794588.0,0.0,57909.0,302329.0,0.84,0.84,0.0,904.0
United States,USA,2021-01-02,4225756.0,4225756.0,0.0,57909.0,325882.0,1.26,1.26,0.0,974.0
United States,USA,2021-01-03,4225756.0,4225756.0,0.0,57909.0,336949.0,1.26,1.26,0.0,1007.0
United States,USA,2021-01-04,4563260.0,4563260.0,0.0,57909.0,348017.0,1.36,1.36,0.0,1041.0
United States,USA,2021-01-05,4836469.0,4836469.0,0.0,273209.0,339372.0,1.45,1.45,0.0,1015.0
United States,USA,2021-01-06,5306797.0,5306797.0,0.0,470328.0,358887.0,1.59,1.59,0.0,1073.0
United States,USA,2021-01-07,5919418.0,5919418.0,0.0,612621.0,378253.0,1.77,1.77,0.0,1131.0
United States,USA,2021-01-08,6688231.0,6688231.0,0.0,768813.0,419933.0,2.0,2.0,0.0,1256.0
United States,USA,2021-01-09,6688231.0,6688231.0,0.0,768813.0,461263.0,2.0,2.0,0.0,1379.0
United States,USA,2021-01-10,6688231.0,6688231.0,0.0,768813.0,546636.0,2.0,2.0,0.0,1634.0
United States,USA,2021-01-11,8987322.0,8987322.0,0.0,768813.0,632009.0,2.69,2.69,0.0,1890.0
United States,USA,2021-01-12,9327138.0,9327138.0,0.0,339816.0,641524.0,2.79,2.79,0.0,1918.0
United States,USA,2021-01-13,10278462.0,9327138.0,0.0,951324.0,710238.0,3.07,2.79,0.0,2124.0
United States,USA,2021-01-14,11148991.0,9690757.0,1342086.0,870529.0,747082.0,3.33,2.9,0.4,2234.0
United States,USA,2021-01-15,12279180.0,10595866.0,1610524.0,1130189.0,798707.0,3.67,3.17,0.48,2388.0
United States,USA,2021-01-16,12279180.0,10595866.0,1610524.0,1130189.0,811670.0,3.67,3.17,0.48,2427.0
United States,USA,2021-01-17,12279180.0,10595866.0,1610524.0,1130189.0,824632.0,3.67,3.17,0.48,2466.0
United States,USA,2021-01-18,12279180.0,10595866.0,1610524.0,1130189.0,837595.0,3.67,3.17,0.48,2504.0
United States,USA,2021-01-19,15707588.0,13595803.0,2023124.0,1130189.0,911493.0,4.7,4.07,0.6,2725.0
United States,USA,2021-01-20,16525281.0,14270441.0,2161419.0,817693.0,892403.0,4.94,4.27,0.65,2668.0
United States,USA,2021-01-21,17546374.0,15053257.0,2394961.0,1021093.0,913912.0,5.25,4.5,0.72,2733.0
United States,USA,2021-01-22,19107959.0,16243093.0,2756953.0,1561585.0,975540.0,5.71,4.86,0.82,2917.0
United States,USA,2021-01-23,20537990.0,17390345.0,3027865.0,1430031.0,1057387.0,6.14,5.2,0.91,3162.0
United States,USA,2021-01-24,21848655.0,18502131.0,3216836.0,1310665.0,1122182.0,6.53,5.53,0.96,3355.0
United States,USA,2021-01-25,22734243.0,19252279.0,3346390.0,885588.0,1126251.0,6.8,5.76,1.0,3368.0
United States,USA,2021-01-26,23540994.0,19902237.0,3481921.0,806751.0,1119058.0,7.04,5.95,1.04,3346.0
United States,USA,2021-01-27,24652634.0,20687970.0,3801053.0,1111640.0,1161050.0,7.37,6.19,1.14,3472.0
United States,USA,2021-01-28,26193682.0,21698606.0,4263056.0,1541048.0,1235330.0,7.83,6.49,1.27,3694.0
United States,USA,2021-01-29,27884661.0,22858318.0,4780888.0,1690979.0,1253815.0,8.34,6.83,1.43,3749.0
United States,USA,2021-01-30,29577902.0,24064165.0,5259693.0,1693241.0,1291416.0,8.84,7.2,1.57,3861.0
United States,USA,2021-01-31,31123299.0,25201143.0,5657142.0,1545397.0,1324949.0,9.31,7.54,1.69,3962.0
United States,USA,2021-02-01,32222402.0,26023153.0,5927847.0,1099103.0,1355451.0,9.63,7.78,1.77,4053.0
United States,USA,2021-02-02,32780860.0,26440836.0,6064792.0,558458.0,1319981.0,9.8,7.91,1.81,3947.0
United States,USA,2021-02-03,33878254.0,27154956.0,6436931.0,1097394.0,1317946.0,10.13,8.12,1.92,3941.0
United States,USA,2021-02-04,35203710.0,27905197.0,6926050.0,1325456.0,1287147.0,10.53,8.34,2.07,3849.0
United States,USA,2021-02-05,36819212.0,28909497.0,7503864.0,1615502.0,1276364.0,11.01,8.64,2.24,3816.0
United States,USA,2021-02-06,39037964.0,30250964.0,8317180.0,2218752.0,1351437.0,11.67,9.05,2.49,4041.0
United States,USA,2021-02-07,41210937.0,31579100.0,9147185.0,2172973.0,1441091.0,12.32,9.44,2.74,4309.0
United States,USA,2021-02-08,42417617.0,32340146.0,9518015.0,1206680.0,1456459.0,12.68,9.67,2.85,4355.0
United States,USA,2021-02-09,43206190.0,32867213.0,9840429.0,788573.0,1489333.0,12.92,9.83,2.94,4453.0
United States,USA,2021-02-10,44769970.0,33783384.0,10469514.0,1563780.0,1555959.0,13.39,10.1,3.13,4652.0
United States,USA,2021-02-11,46390270.0,34723964.0,11188782.0,1620300.0,1598080.0,13.87,10.38,3.35,4778.0
United States,USA,2021-02-12,48410558.0,35834855.0,12085830.0,2020288.0,1655907.0,14.48,10.71,3.61,4951.0
United States,USA,2021-02-13,50641884.0,37056122.0,13082172.0,2231326.0,1657703.0,15.14,11.08,3.91,4957.0
United States,USA,2021-02-14,52884356.0,38292270.0,14077440.0,2242472.0,1667631.0,15.81,11.45,4.21,4986.0
United States,USA,2021-02-15,52884356.0,38292270.0,14077440.0,2242472.0,1662106.0,15.81,11.45,4.21,4970.0
United States,USA,2021-02-16,55220364.0,39670551.0,15015434.0,2242472.0,1716311.0,16.51,11.86,4.49,5132.0
United States,USA,2021-02-17,56281827.0,40268009.0,15471536.0,1061463.0,1644551.0,16.83,12.04,4.63,4917.0
United States,USA,2021-02-18,57737767.0,41021049.0,16162358.0,1455940.0,1621071.0,17.26,12.27,4.83,4847.0
United States,USA,2021-02-19,59585043.0,41977401.0,17039118.0,1847276.0,1596355.0,17.82,12.55,5.09,4773.0
United States,USA,2021-02-20,61289500.0,42809595.0,17895667.0,1704457.0,1521088.0,18.33,12.8,5.35,4548.0
United States,USA,2021-02-21,63090634.0,43628092.0,18865319.0,1801134.0,1458040.0,18.86,13.05,5.64,4360.0
United States,USA,2021-02-22,64177474.0,44138118.0,19438495.0,1086840.0,1446445.0,19.19,13.2,5.81,4325.0
United States,USA,2021-02-23,65032083.0,44544969.0,19882544.0,854609.0,1401674.0,19.44,13.32,5.94,4191.0
United States,USA,2021-02-24,66464947.0,45237143.0,20607261.0,1432864.0,1454731.0,19.87,13.53,6.16,4350.0
United States,USA,2021-02-25,68274117.0,46074392.0,21555117.0,1809170.0,1505193.0,20.41,13.78,6.45,4501.0
United States,USA,2021-02-26,70454064.0,47184199.0,22613359.0,2179947.0,1552717.0,21.07,14.11,6.76,4643.0
United States,USA,2021-02-27,72806180.0,48435536.0,23698627.0,2352116.0,1645240.0,21.77,14.48,7.09,4919.0
United States,USA,2021-02-28,75236003.0,49772180.0,24779920.0,2429823.0,1735053.0,22.5,14.88,7.41,5188.0
United States,USA,2021-03-01,76899987.0,50732997.0,25466405.0,1663984.0,1817502.0,22.99,15.17,7.61,5434.0
United States,USA,2021-03-02,78631601.0,51755447.0,26162122.0,1731614.0,1942788.0,23.51,15.48,7.82,5809.0
United States,USA,2021-03-03,80540474.0,52855579.0,26957804.0,1908873.0,2010790.0,24.08,15.8,8.06,6012.0
United States,USA,2021-03-04,82572848.0,54035670.0,27795980.0,2032374.0,2042676.0,24.69,16.16,8.31,6108.0
United States,USA,2021-03-05,85008094.0,55547697.0,28701201.0,2435246.0,2079147.0,25.42,16.61,8.58,6217.0
United States,USA,2021-03-06,87912323.0,57358849.0,29776160.0,2904229.0,2158020.0,26.29,17.15,8.9,6453.0
United States,USA,2021-03-07,90351750.0,58873710.0,30686881.0,2439427.0,2159392.0,27.02,17.6,9.18,6457.0
United States,USA,2021-03-08,92089852.0,60005231.0,31493040.0,1738102.0,2169981.0,27.54,17.94,9.42,6488.0
United States,USA,2021-03-09,93692598.0,61088527.0,32102061.0,1602746.0,2151571.0,28.01,18.27,9.6,6433.0
United States,USA,2021-03-10,95721290.0,62451150.0,32904161.0,2028692.0,2168688.0,28.62,18.67,9.84,6485.0
United States,USA,2021-03-11,98203893.0,64071674.0,33863127.0,2482603.0,2233006.0,29.36,19.16,10.13,6677.0
United States,USA,2021-03-12,101128005.0,65965305.0,35000159.0,2924112.0,2302844.0,30.24,19.72,10.47,6886.0
United States,USA,2021-03-13,105703501.0,68884011.0,36929777.0,4575496.0,2541597.0,31.61,20.6,11.04,7600.0
United States,USA,2021-03-14,107060274.0,69784210.0,37459269.0,1356773.0,2386932.0,32.01,20.87,11.2,7137.0
United States,USA,2021-03-15,109081860.0,71054445.0,38335432.0,2021586.0,2427430.0,32.62,21.25,11.46,7258.0
United States,USA,2021-03-16,110737856.0,72135616.0,39042345.0,1655996.0,2435037.0,33.11,21.57,11.67,7281.0
United States,USA,2021-03-17,113037627.0,73669956.0,39989196.0,2299771.0,2473762.0,33.8,22.03,11.96,7397.0
United States,USA,2021-03-18,115730008.0,75495716.0,40981464.0,2692381.0,2503731.0,34.6,22.57,12.25,7486.0
United States,USA,2021-03-19,118313818.0,77230061.0,41934629.0,2583810.0,2455116.0,35.38,23.09,12.54,7341.0
United States,USA,2021-03-20,121441497.0,79367225.0,43036818.0,3127679.0,2248285.0,36.31,23.73,12.87,6723.0
United States,USA,2021-03-21,124481412.0,81415769.0,44141228.0,3039915.0,2488734.0,37.22,24.34,13.2,7441.0
United States,USA,2021-03-22,126509736.0,82772416.0,44910946.0,2028324.0,2489697.0,37.83,24.75,13.43,7444.0
United States,USA,2021-03-23,128217029.0,83930495.0,45533962.0,1707293.0,2497025.0,38.34,25.1,13.61,7466.0
United States,USA,2021-03-24,130473853.0,85472166.0,46365515.0,2256824.0,2490889.0,39.01,25.56,13.86,7448.0
United States,USA,2021-03-25,133305295.0,87343622.0,47419832.0,2831442.0,2510755.0,39.86,26.12,14.18,7507.0
United States,USA,2021-03-26,136684688.0,89559225.0,48695172.0,3379393.0,2624410.0,40.87,26.78,14.56,7847.0
United States,USA,2021-03-27,140180735.0,91707729.0,50141769.0,3496047.0,2677034.0,41.91,27.42,14.99,8004.0
United States,USA,2021-03-28,143462691.0,93631163.0,51593564.0,3281956.0,2711611.0,42.9,28.0,15.43,8108.0
United States,USA,2021-03-29,145812835.0,95015762.0,52614231.0,2350144.0,2757586.0,43.6,28.41,15.73,8245.0
United States,USA,2021-03-30,147602345.0,96044046.0,53423486.0,1789510.0,2769331.0,44.13,28.72,15.97,8280.0
United States,USA,2021-03-31,150273292.0,97593290.0,54607041.0,2670947.0,2828491.0,44.93,29.18,16.33,8457.0
United States,USA,2021-04-01,153631404.0,99565311.0,56089614.0,3358112.0,2903730.0,45.94,29.77,16.77,8682.0
United States,USA,2021-04-02,157606463.0,101804762.0,57984785.0,3975059.0,2988825.0,47.13,30.44,17.34,8937.0
United States,USA,2021-04-03,161688422.0,104213478.0,59858146.0,4081959.0,3072527.0,48.35,31.16,17.9,9187.0
United States,USA,2021-04-04,165053746.0,106214924.0,61416536.0,3365324.0,3084436.0,49.35,31.76,18.36,9223.0
United States,USA,2021-04-05,167187795.0,107515428.0,62392065.0,2134049.0,3053566.0,49.99,32.15,18.66,9130.0
United States,USA,2021-04-06,168592075.0,108301234.0,63016976.0,1404280.0,2998533.0,50.41,32.38,18.84,8966.0
United States,USA,2021-04-07,171476655.0,109995734.0,64422618.0,2884580.0,3029052.0,51.27,32.89,19.26,9057.0
United States,USA,2021-04-08,174879716.0,112046611.0,66203123.0,3403061.0,3035473.0,52.29,33.5,19.8,9076.0
United States,USA,2021-04-09,178837781.0,114436039.0,68202458.0,3958065.0,3033045.0,53.47,34.22,20.39,9069.0
United States,USA,2021-04-10,183467709.0,117142879.0,70692645.0,4629928.0,3111327.0,54.86,35.03,21.14,9303.0
United States,USA,2021-04-11,187047131.0,119242902.0,72630892.0,3579422.0,3141912.0,55.93,35.65,21.72,9394.0
United States,USA,2021-04-12,189692045.0,120848490.0,74066085.0,2644914.0,3214893.0,56.72,36.13,22.15,9613.0
United States,USA,2021-04-13,192282781.0,122295530.0,75322283.0,2590736.0,3384387.0,57.49,36.57,22.52,10120.0
United States,USA,2021-04-14,194791836.0,123917385.0,76681252.0,2509055.0,3330740.0,58.24,37.05,22.93,9959.0
United States,USA,2021-04-15,198317040.0,125822868.0,78498290.0,3525204.0,3348189.0,59.3,37.62,23.47,10011.0
United States,USA,2021-04-16,202282923.0,127743096.0,80609818.0,3965883.0,3349306.0,60.48,38.2,24.1,10015.0
United States,USA,2021-04-17,205871913.0,129494179.0,82471151.0,3588990.0,3200601.0,61.56,38.72,24.66,9570.0
United States,USA,2021-04-18,209406814.0,131247546.0,84263408.0,3534901.0,3194240.0,62.61,39.24,25.2,9551.0
